0 0
2.000000e-02 0
2.100000e-02 5
6.900000e-02 5
7.000000e-02 0
1.200000e-01 0
1.210000e-01 5
1.690000e-01 5
1.700000e-01 0
2.200000e-01 0
2.210000e-01 5
2.690000e-01 5
2.700000e-01 0
3.200000e-01 0
3.210000e-01 5
3.690000e-01 5
3.700000e-01 0
4.200000e-01 0
4.210000e-01 5
4.690000e-01 5
4.700000e-01 0
5.200000e-01 0
5.210000e-01 5
5.690000e-01 5
5.700000e-01 0
6.200000e-01 0
6.700000e-01 0
7.200000e-01 0
7.210000e-01 5
7.690000e-01 5
7.700000e-01 0
8.200000e-01 0
8.210000e-01 5
8.690000e-01 5
8.700000e-01 0
9.200000e-01 0
9.700000e-01 0
1.020000e+00 0
1.070000e+00 0
1.120000e+00 0
1.170000e+00 0
1.220000e+00 0
1.270000e+00 0
1.320000e+00 0
