0 0
2.000000e-02 0
2.100000e-02 5
2.980000e-02 5
3.080000e-02 3
3.960000e-02 3
4.060000e-02 5
4.940000e-02 5
5.040000e-02 3
5.920000e-02 3
6.020000e-02 5
6.900000e-02 5
7.000000e-02 0
1.200000e-01 0
1.210000e-01 5
1.298000e-01 5
1.308000e-01 3
1.396000e-01 3
1.406000e-01 5
1.494000e-01 5
1.504000e-01 3
1.592000e-01 3
1.602000e-01 5
1.690000e-01 5
1.700000e-01 0
2.200000e-01 0
2.210000e-01 5
2.298000e-01 5
2.308000e-01 3
2.396000e-01 3
2.406000e-01 5
2.494000e-01 5
2.504000e-01 3
2.592000e-01 3
2.602000e-01 5
2.690000e-01 5
2.700000e-01 0
3.200000e-01 0
3.210000e-01 5
3.298000e-01 5
3.308000e-01 3
3.396000e-01 3
3.406000e-01 5
3.494000e-01 5
3.504000e-01 3
3.592000e-01 3
3.602000e-01 5
3.690000e-01 5
3.700000e-01 0
4.200000e-01 0
4.210000e-01 5
4.298000e-01 5
4.308000e-01 3
4.396000e-01 3
4.406000e-01 5
4.494000e-01 5
4.504000e-01 3
4.592000e-01 3
4.602000e-01 5
4.690000e-01 5
4.700000e-01 0
5.200000e-01 0
5.210000e-01 5
5.298000e-01 5
5.308000e-01 3
5.396000e-01 3
5.406000e-01 5
5.494000e-01 5
5.504000e-01 3
5.592000e-01 3
5.602000e-01 5
5.690000e-01 5
5.700000e-01 0
6.200000e-01 0
6.210000e-01 5
6.298000e-01 5
6.308000e-01 3
6.396000e-01 3
6.406000e-01 5
6.494000e-01 5
6.504000e-01 3
6.592000e-01 3
6.602000e-01 5
6.690000e-01 5
6.700000e-01 0
7.200000e-01 0
7.210000e-01 5
7.298000e-01 5
7.308000e-01 3
7.396000e-01 3
7.406000e-01 5
7.494000e-01 5
7.504000e-01 3
7.592000e-01 3
7.602000e-01 5
7.690000e-01 5
7.700000e-01 0
8.200000e-01 0
8.210000e-01 5
8.298000e-01 5
8.308000e-01 3
8.396000e-01 3
8.406000e-01 5
8.494000e-01 5
8.504000e-01 3
8.592000e-01 3
8.602000e-01 5
8.690000e-01 5
8.700000e-01 0
9.200000e-01 0
9.210000e-01 5
9.298000e-01 5
9.308000e-01 3
9.396000e-01 3
9.406000e-01 5
9.494000e-01 5
9.504000e-01 3
9.592000e-01 3
9.602000e-01 5
9.690000e-01 5
9.700000e-01 0
1.020000e+00 0
1.021000e+00 5
1.029800e+00 5
1.030800e+00 3
1.039600e+00 3
1.040600e+00 5
1.049400e+00 5
1.050400e+00 3
1.059200e+00 3
1.060200e+00 5
1.069000e+00 5
1.070000e+00 0
1.120000e+00 0
1.121000e+00 5
1.129800e+00 5
1.130800e+00 3
1.139600e+00 3
1.140600e+00 5
1.149400e+00 5
1.150400e+00 3
1.159200e+00 3
1.160200e+00 5
1.169000e+00 5
1.170000e+00 0
1.220000e+00 0
1.270000e+00 0
1.320000e+00 0
