0 0
2.000000e-02 0
7.000000e-02 0
1.200000e-01 0
1.700000e-01 0
2.200000e-01 0
2.700000e-01 0
3.200000e-01 0
3.700000e-01 0
4.200000e-01 0
4.700000e-01 0
5.200000e-01 0
5.700000e-01 0
6.200000e-01 0
6.700000e-01 0
7.200000e-01 0
7.700000e-01 0
8.200000e-01 0
8.700000e-01 0
9.200000e-01 0
9.210000e-01 5
9.270000e-01 5
9.280000e-01 3
9.340000e-01 3
9.350000e-01 5
9.410000e-01 5
9.420000e-01 3
9.480000e-01 3
9.490000e-01 5
9.550000e-01 5
9.560000e-01 3
9.620000e-01 3
9.630000e-01 5
9.690000e-01 5
9.700000e-01 0
1.020000e+00 0
1.021000e+00 5
1.027000e+00 5
1.028000e+00 3
1.034000e+00 3
1.035000e+00 5
1.041000e+00 5
1.042000e+00 3
1.048000e+00 3
1.049000e+00 5
1.055000e+00 5
1.056000e+00 3
1.062000e+00 3
1.063000e+00 5
1.069000e+00 5
1.070000e+00 0
1.120000e+00 0
1.121000e+00 5
1.127000e+00 5
1.128000e+00 3
1.134000e+00 3
1.135000e+00 5
1.141000e+00 5
1.142000e+00 3
1.148000e+00 3
1.149000e+00 5
1.155000e+00 5
1.156000e+00 3
1.162000e+00 3
1.163000e+00 5
1.169000e+00 5
1.170000e+00 0
1.220000e+00 0
1.221000e+00 5
1.227000e+00 5
1.228000e+00 3
1.234000e+00 3
1.235000e+00 5
1.241000e+00 5
1.242000e+00 3
1.248000e+00 3
1.249000e+00 5
1.255000e+00 5
1.256000e+00 3
1.262000e+00 3
1.263000e+00 5
1.269000e+00 5
1.270000e+00 0
1.320000e+00 0
