0 0
2.000000e-02 0
7.000000e-02 0
1.200000e-01 0
1.700000e-01 0
2.200000e-01 0
2.700000e-01 0
3.200000e-01 0
3.700000e-01 0
4.200000e-01 0
4.700000e-01 0
5.200000e-01 0
5.700000e-01 0
6.200000e-01 0
6.700000e-01 0
7.200000e-01 0
7.700000e-01 0
8.200000e-01 0
8.700000e-01 0
9.200000e-01 0
9.210000e-01 5
9.363333e-01 5
9.373333e-01 3
9.526667e-01 3
9.536667e-01 5
9.690000e-01 5
9.700000e-01 0
1.020000e+00 0
1.021000e+00 5
1.036333e+00 5
1.037333e+00 3
1.052667e+00 3
1.053667e+00 5
1.069000e+00 5
1.070000e+00 0
1.120000e+00 0
1.121000e+00 5
1.136333e+00 5
1.137333e+00 3
1.152667e+00 3
1.153667e+00 5
1.169000e+00 5
1.170000e+00 0
1.220000e+00 0
1.221000e+00 5
1.236333e+00 5
1.237333e+00 3
1.252667e+00 3
1.253667e+00 5
1.269000e+00 5
1.270000e+00 0
1.320000e+00 0
1.321000e+00 5
1.336333e+00 5
1.337333e+00 3
1.352667e+00 3
1.353667e+00 5
1.369000e+00 5
1.370000e+00 0
1.420000e+00 0
